0.000000000000000000e+00
8.609363598252341987e-01
8.914261627866023607e-01
9.157630997129906358e-01
9.273708953276379452e-01
9.380628723051239737e-01
9.469246810802787184e-01
9.531550499459150450e-01
9.598067365342796142e-01
9.639458538882783589e-01
9.700878120612349553e-01
9.729998426744941309e-01
9.754587971546524461e-01
9.772067273251749953e-01
9.804096058540185954e-01
9.838443624524032538e-01
9.844936546825368007e-01
9.855435504656359091e-01
9.866394408765948310e-01
9.883149049862274271e-01
9.910858813772425169e-01
9.922799112279887535e-01
9.935779660565803306e-01
9.944973807576754643e-01
9.965740312293138725e-01
9.983621041689868525e-01
9.983621041689868525e-01
9.995167340835969805e-01
9.997583670417984347e-01
1.000000000000000000e+00
