1.000000000000000000e+00
1.000000000000000000e+00
1.000000000000000000e+00
1.000000000000000000e+00
1.000000000000000000e+00
1.000000000000000000e+00
1.000000000000000000e+00
1.000000000000000000e+00
1.000000000000000000e+00
1.000000000000000000e+00
1.000000000000000000e+00
1.000000000000000000e+00
1.000000000000000000e+00
1.000000000000000000e+00
1.000000000000000000e+00
9.984585527920518677e-01
9.942811391311623392e-01
9.904223555052759087e-01
9.848694308741767767e-01
9.812024346458851909e-01
9.771328844953920401e-01
9.727278534688382772e-01
9.650564912906777204e-01
9.563739041907417526e-01
9.442077559893652383e-01
9.292216601109253293e-01
9.176234838358657830e-01
8.895510630678822306e-01
8.576765492315404638e-01
0.000000000000000000e+00
